<?xml version="1.0"?>
<opencv_storage>
<calibration_Time>"Wed Mar  2 15:37:41 2016"</calibration_Time>
<nrOfFrames>25</nrOfFrames>
<image_Width>1000</image_Width>
<image_Height>1000</image_Height>
<board_Width>11</board_Width>
<board_Height>7</board_Height>
<square_Size>6.</square_Size>
<FixAspectRatio>1.</FixAspectRatio>
<flagValue>6</flagValue>
<Camera_Matrix type_id="opencv-matrix">
  <rows>3</rows>
  <cols>3</cols>
  <dt>d</dt>
  <data>
    3.6977820422142072e+03 0. 4.9950000000000000e+02 0.
    3.6977820422142072e+03 4.9950000000000000e+02 0. 0. 1.</data></Camera_Matrix>
<Distortion_Coefficients type_id="opencv-matrix">
  <rows>5</rows>
  <cols>1</cols>
  <dt>d</dt>
  <data>
    -1.0502987711187788e+00 2.5792486368969318e+01
    -3.4425735107963566e-03 2.0183049495390255e-02
    -2.9596368228109338e+01</data></Distortion_Coefficients>
<Avg_Reprojection_Error>1.7938796659929290e-01</Avg_Reprojection_Error>
<Per_View_Reprojection_Errors type_id="opencv-matrix">
  <rows>25</rows>
  <cols>1</cols>
  <dt>f</dt>
  <data>
    2.11775154e-01 1.82521462e-01 1.98605806e-01 1.06675841e-01
    1.25649527e-01 1.58541068e-01 1.50183767e-01 1.15867212e-01
    1.12306684e-01 1.40617400e-01 2.40864202e-01 2.25399986e-01
    2.32383505e-01 1.62487879e-01 1.46583438e-01 1.63753569e-01
    1.64358005e-01 2.22328633e-01 1.83200926e-01 2.00282902e-01
    2.01554865e-01 1.90988377e-01 1.66735262e-01 1.84503734e-01
    1.99085683e-01</data></Per_View_Reprojection_Errors>
<Extrinsic_Parameters type_id="opencv-matrix">
  <rows>25</rows>
  <cols>6</cols>
  <dt>d</dt>
  <data>
    -1.5263669510120296e-02 -9.2154350453690324e-03
    1.5549643415999987e+00 -1.2134443316243294e+02
    -9.2849724073928272e+01 1.2080697956147635e+03
    -2.1239042482782040e-02 -5.7801765914365756e-03
    -1.5778276561986080e+00 -1.4721418564152307e+02
    3.2789473523045352e+01 1.2083316803112252e+03
    -2.4307006605291094e-02 -3.7815292250819733e-02
    -1.5574920084722392e+00 -1.1126091491245049e+02
    3.2015748235219299e+01 1.2039731180310634e+03
    -3.6730431272840897e-02 -5.5331215818402724e-02
    -1.5682245395541776e+00 -5.3195902210433395e+01
    3.2825586035462116e+01 1.2009873435370994e+03
    -1.3273405211664721e-02 -3.8632168138924713e-02
    -1.5643695189162006e+00 7.4561249602940105e+00
    3.3561360865205266e+01 1.2023815347027200e+03 7.7422193057209395e-04
    -4.0423878740081201e-02 -1.5514791735449758e+00
    6.7649619107722259e+01 3.4823688827794186e+01 1.2022787133741826e+03
    1.5082406547802555e-02 -3.3539134695901099e-02
    -1.5586741675373785e+00 6.6004768857929690e+01
    8.7023629435204910e+01 1.2030253917796847e+03 2.4139510878116378e-02
    -1.2244260294025103e-02 -1.5659051893555203e+00
    7.6596788604430843e+00 9.0885632311994556e+01 1.2032481198915527e+03
    5.4560848460344043e-02 -5.4014763792690369e-03
    -1.5653631068303659e+00 -5.3031642260298163e+01
    9.1596617566654146e+01 1.2027482982117790e+03 2.0396593475558687e-02
    1.5082556179621925e-02 -1.5569583561029190e+00
    -1.1255843148708671e+02 9.0096449915220077e+01
    1.2061588886363224e+03 2.4035349761372765e-01
    -1.7406162517675301e-02 -1.5556070154316628e+00
    -1.5497768322822037e+02 -9.5112960204277996e+01
    1.2065883152323054e+03 1.4621241473572470e-03 2.0145873461422655e-02
    -1.5723308564407510e+00 -1.6305512149903865e+02
    9.3058506567549458e+01 1.2109420127811773e+03 2.0304969100259865e-03
    2.7555899103016538e-02 -1.5436139937541502e+00
    -1.5346617734003655e+02 1.2381185431640390e+02
    1.2112812292393182e+03 1.7272545049357952e-02 1.0008597224235846e-02
    -1.5765795303657262e+00 -1.1142717741786750e+02
    1.2522410790594681e+02 1.2083384311404097e+03
    -1.5351751885294484e-02 -3.3227692804515999e-02
    1.5545935025609168e+00 -1.5981406693685186e+01
    5.9807479581328394e+01 1.2050056175319160e+03 2.2540239392520766e-02
    -9.1838488714325248e-03 -1.5600406910777529e+00
    4.0878039085369515e+00 1.3207379784021467e+02 1.2043646570849246e+03
    1.3894747281147979e-02 -1.3857595480854667e-02
    -1.5512634922589255e+00 6.3671881782465292e+01
    1.3348280003060447e+02 1.2044001720310653e+03 2.4545184297440525e-01
    6.6654993189779577e-02 -1.5491992701242634e+00
    -1.1298117642875057e+02 -9.5857169948321015e+01
    1.2075228106321254e+03 -4.4189915738618697e-02
    -3.6718286029507339e-03 1.5660934004899112e+00
    -1.6103439111372598e+01 -1.5274922288947940e+02
    1.2042303307298148e+03 7.0705531012628942e-03
    -1.5888992271655723e-02 -1.5643239001383384e+00
    8.3973612319418169e+00 -8.7574881932114948e+01
    1.2019322089236614e+03 2.0403889328270153e-01
    -6.0016254965576936e-02 1.5494122731094424e+00
    1.0179024720913678e+02 -1.4835910556434527e+02
    1.1920736259017538e+03 1.0302475573686510e-02
    -9.7361879830280308e-04 -1.5690485560599226e+00
    6.5757529641784643e+01 -3.1145591565016794e+01
    1.2028765638658226e+03 -5.7255375643886965e-03
    -3.2111026704502263e-02 -1.5647723657625248e+00
    8.2674804105589139e+00 -2.8527910607297631e+01
    1.2026796326948199e+03 -4.0073065546675467e-02
    -3.2320422744818219e-03 1.5606656228745064e+00
    -1.6743724338506436e+01 -9.5858846515244238e+01
    1.2051359526880365e+03 6.2432402274443409e-03
    -3.2272535679614904e-02 -1.5518701363404923e+00
    -1.1084404510369437e+02 -3.2397287998531958e+01
    1.2047892302977193e+03</data></Extrinsic_Parameters>
