<?xml version="1.0"?>
<opencv_storage>
<calibration_Time>"Wed Mar  2 17:04:15 2016"</calibration_Time>
<nrOfFrames>20</nrOfFrames>
<image_Width>1000</image_Width>
<image_Height>1000</image_Height>
<board_Width>11</board_Width>
<board_Height>7</board_Height>
<square_Size>6.</square_Size>
<FixAspectRatio>1.</FixAspectRatio>
<flagValue>6</flagValue>
<Camera_Matrix type_id="opencv-matrix">
  <rows>3</rows>
  <cols>3</cols>
  <dt>d</dt>
  <data>
    4.2172440652103214e+03 0. 4.9950000000000000e+02 0.
    4.2172440652103214e+03 4.9950000000000000e+02 0. 0. 1.</data></Camera_Matrix>
<Distortion_Coefficients type_id="opencv-matrix">
  <rows>5</rows>
  <cols>1</cols>
  <dt>d</dt>
  <data>
    -1.2913267430566520e+00 2.4174377560540709e+01
    5.6715447128719643e-03 9.1471265216285687e-03 5.0120612535977926e+02</data></Distortion_Coefficients>
<Avg_Reprojection_Error>1.5398636783806630e-01</Avg_Reprojection_Error>
<Per_View_Reprojection_Errors type_id="opencv-matrix">
  <rows>20</rows>
  <cols>1</cols>
  <dt>f</dt>
  <data>
    1.21650569e-01 1.53485522e-01 1.47735402e-01 1.49091333e-01
    1.17224291e-01 1.65425181e-01 2.27845281e-01 1.72448575e-01
    1.60137892e-01 1.60665974e-01 1.50336742e-01 1.77020013e-01
    1.78834006e-01 1.46195680e-01 1.51712626e-01 1.60374656e-01
    1.29293039e-01 1.30895033e-01 1.17742568e-01 1.17755800e-01</data></Per_View_Reprojection_Errors>
<Extrinsic_Parameters type_id="opencv-matrix">
  <rows>20</rows>
  <cols>6</cols>
  <dt>d</dt>
  <data>
    -4.6074076238764403e-02 2.2013165553326112e-02
    1.5087782943554590e-02 -1.0393007645088701e+02
    -1.5228239339634244e+00 1.3791648788084715e+03
    -2.2728176353450792e-02 1.2717625439160265e-02
    1.5515204779814487e+00 -6.5561432321250209e+01
    3.0861284360031302e+01 1.3788903542006776e+03 2.3058950499054535e-02
    -5.4885752998163881e-02 2.0965016088797101e-02
    -1.3331846867884869e+02 3.0370023664603778e+01
    1.3728976999469592e+03 -6.8896247530041421e-03
    -3.5446309776442232e-02 -1.5751336795947632e+00
    6.9253196748237130e+01 1.5599984328800440e+01 1.3764953959952682e+03
    -2.1724477031722547e-02 -3.5796427657345246e-02
    -1.5611473356384253e+00 -4.3121059862170590e+01
    -5.7862919577481806e+00 1.3786703110700757e+03
    -3.3175681093951095e-02 -3.0883026196589565e-02
    -1.5642771453977629e+00 -9.9665017633512448e+01
    -1.0366005039973196e+01 1.3807752257679433e+03
    -2.5765371111633292e-02 7.4997837467955190e-03
    1.5462614666801695e+00 -1.1480091492577955e+02
    -1.2595900705658335e+02 1.3868300162242117e+03
    -7.6209321608556408e-03 -2.4384568174089735e-02
    -1.5685829029950971e+00 -9.0601867091155199e+01
    -6.5657692186371250e+01 1.3843807689076000e+03
    -3.9532258629493298e-02 3.6293067858967180e-02
    1.5639075661518245e+00 -5.3115512716055333e+00
    -1.2648087211857701e+02 1.3854018254737318e+03
    -3.9671018781950895e-02 3.6321536964120528e-02
    1.5639153240709545e+00 -5.3131270346927151e+00
    -1.2647981655783434e+02 1.3854216171833680e+03
    -2.6155465357655998e-02 5.3376056571702996e-03
    -2.0652913353357737e-02 -9.8451634015701934e+00
    -1.2261731110407500e+02 1.3854819563848964e+03
    -1.0026924297587086e-03 5.7445354797788020e-02
    -4.2802185848937919e-03 6.6960169602266816e+01
    -1.2578213927826390e+02 1.3822817133094850e+03
    -1.7892286053133853e-03 1.2884785885983685e-01
    3.1180611572498194e+00 -8.4723427560108391e+01
    1.5195781472249647e+02 1.3720618532475380e+03
    -7.4140085886034698e-02 1.1267868161107187e-02
    3.4592026247330506e-03 -6.0651538543687671e+01
    1.2083922415226832e+02 1.3742898993377460e+03
    -6.8446624675026949e-02 1.0378787670030055e-01
    1.5406049577525722e+00 6.2695050257557760e+01 9.7462722818043403e+01
    1.3742653547150901e+03 -1.2056469128771539e-01
    -9.7204933033974317e-02 -1.5766642147786656e+00
    6.6828381789091367e+01 1.5046400720091651e+02 1.3631463732542823e+03
    -3.0890672614159221e-02 -3.6772396800610105e-02
    -1.5642538639228269e+00 7.1406913148744735e+01
    8.4045917118278609e+01 1.3723224360162592e+03
    -2.5036610829601742e-03 -3.2157549112134635e-02
    -1.5470723899338730e+00 2.3003768683882260e+01
    7.6906471131918153e+01 1.3740355666059395e+03
    -3.4317164696114573e-02 3.2572050785939798e-02
    1.1577760584316187e-02 -5.3591944966294349e+01
    -1.5847915192284507e+00 1.3780340762005917e+03
    -3.3602123603623774e-02 3.3247770037763351e-02
    1.1569780378167209e-02 -5.3590662174221237e+01
    -1.5858737201606898e+00 1.3780119686290166e+03</data></Extrinsic_Parameters>
