<?xml version="1.0"?>
<opencv_storage>
<calibration_Time>"Wed Mar  2 16:43:39 2016"</calibration_Time>
<nrOfFrames>20</nrOfFrames>
<image_Width>1000</image_Width>
<image_Height>1000</image_Height>
<board_Width>11</board_Width>
<board_Height>7</board_Height>
<square_Size>6.</square_Size>
<FixAspectRatio>1.</FixAspectRatio>
<flagValue>6</flagValue>
<Camera_Matrix type_id="opencv-matrix">
  <rows>3</rows>
  <cols>3</cols>
  <dt>d</dt>
  <data>
    3.9782713067977720e+03 0. 4.9950000000000000e+02 0.
    3.9782713067977720e+03 4.9950000000000000e+02 0. 0. 1.</data></Camera_Matrix>
<Distortion_Coefficients type_id="opencv-matrix">
  <rows>5</rows>
  <cols>1</cols>
  <dt>d</dt>
  <data>
    -1.2804400695467870e+00 2.1364562979186935e+01
    -3.8975843764838562e-03 -4.0316141650757606e-03
    3.3531726637408366e+02</data></Distortion_Coefficients>
<Avg_Reprojection_Error>2.0224755118753024e-01</Avg_Reprojection_Error>
<Per_View_Reprojection_Errors type_id="opencv-matrix">
  <rows>20</rows>
  <cols>1</cols>
  <dt>f</dt>
  <data>
    1.94604501e-01 1.98637277e-01 1.71703771e-01 1.56276152e-01
    1.48932844e-01 2.02735707e-01 2.38392577e-01 1.92525253e-01
    2.29358569e-01 1.92045480e-01 1.84789866e-01 2.06670582e-01
    2.10517868e-01 1.85597986e-01 2.18480349e-01 2.06578180e-01
    2.23905638e-01 2.48723194e-01 2.08610833e-01 1.96557105e-01</data></Per_View_Reprojection_Errors>
<Extrinsic_Parameters type_id="opencv-matrix">
  <rows>20</rows>
  <cols>6</cols>
  <dt>d</dt>
  <data>
    -7.0202439200457278e-03 4.1237322224669949e-02
    -1.5613272077223983e+00 -2.5438824266717905e+01
    -3.7550969314264790e+01 1.0999267847668887e+03
    9.0284843185839392e-04 4.0447384462625698e-02
    -1.5548353013955465e+00 -7.4820757563980479e+01
    -7.8829639281071662e-01 1.1023331629257543e+03
    3.8821612891066413e-02 1.9275568982434078e-02
    -1.5556605597210220e+00 -1.3229801499357566e+02
    6.3303734373367355e+01 1.3024718884406739e+03
    -8.8144308694381134e-03 3.0522009079494299e-02
    -1.3081716447370503e-03 -7.7495113334386787e+01
    2.2976582556866713e+01 1.3037811126659644e+03 1.1958885582915104e-02
    3.7279207022164029e-02 -1.5606288091435088e+00
    -3.2487148835178878e+01 8.2615206942204097e+01
    1.3041682965530244e+03 8.5033572834079547e-04 3.0107629696550859e-02
    -1.5725037156501016e+00 2.8811288171052979e+01
    7.8626942128848214e+01 1.0462514399269428e+03 6.0794080458342760e-02
    3.6393168549859210e-02 1.5530484480198559e+00 1.2063898513339797e+02
    2.2342300146141213e+01 1.0413004950318877e+03 4.2345820965532438e-02
    7.6045103600091132e-02 -6.2342640087000058e-03
    2.3471291312913564e+01 1.2514408073280991e+02 1.2966643498301528e+03
    5.9299880700175479e-02 6.0592194075143817e-02 2.0975443018815893e-02
    2.1762965529302395e+01 1.2004135603908431e+02 1.2961759418869065e+03
    1.1512372445767012e-01 6.1612430733645820e-02
    -1.5632783658376397e+00 -1.3146659634889929e+02
    -6.7332945489619874e+01 1.2971810526689801e+03
    -1.9903179293117197e-02 1.0150083510792654e-02
    -1.5592985862345985e+00 -4.0214328411825889e+01
    1.5000382738752754e+02 1.3044962573025939e+03
    -1.8769563000505388e-01 2.7937016319712734e-02
    1.5405566148920087e+00 -7.3660391791108523e+01
    9.3750573448840896e+01 1.3110794000802596e+03
    -3.9530620422763792e-02 -1.9035316441261932e-01
    -1.5612255368830161e+00 -1.3415660789583438e+02
    1.5429812871431088e+02 1.2958222075620645e+03 6.8092232867881797e-02
    -6.1891137179320762e-03 -1.9290354665888056e-02
    -1.0630708265292969e+02 -1.2787119159592802e+02
    1.2954015871163074e+03 5.0393491647808576e-02 6.7421300212202148e-02
    1.9104524354954289e-02 4.0954466546650558e+01
    -1.2787655597825182e+02 1.2946054423491012e+03
    3.2388511272977837e-02 1.5859162821927125e-01
    -1.5529104174406780e+00 7.2766405507844851e+01
    -6.7058191002629115e+01 1.2985836261820009e+03
    3.3556288472106718e-02 1.6788621160904996e-01
    -1.5471899715298896e+00 1.1664763395085330e+02
    -6.6588466199851752e+01 1.2951953291085033e+03
    -1.9173337249885774e-03 1.1540008353130325e-01
    -1.5178136124265922e+00 1.1740266542743322e+02
    -2.4659062566566611e+01 1.2967382759851312e+03
    2.1436749912304189e-04 4.5052579577753230e-02
    -1.5815724629589114e+00 7.1295335098669085e+01
    -2.4635165229865247e+01 1.2969566218571588e+03
    -5.2568645850445225e-02 1.8765542325350527e-02
    -1.5633288194026482e+00 3.9025334238218583e+01
    -2.9851138208530042e+01 1.2933581700370003e+03</data></Extrinsic_Parameters>
