<?xml version="1.0"?>
<opencv_storage>
<calibration_Time>"Wed Mar  2 15:17:57 2016"</calibration_Time>
<nrOfFrames>30</nrOfFrames>
<image_Width>1000</image_Width>
<image_Height>1000</image_Height>
<board_Width>11</board_Width>
<board_Height>7</board_Height>
<square_Size>6.</square_Size>
<FixAspectRatio>1.</FixAspectRatio>
<flagValue>6</flagValue>
<Camera_Matrix type_id="opencv-matrix">
  <rows>3</rows>
  <cols>3</cols>
  <dt>d</dt>
  <data>
    3.0347149219534754e+03 0. 4.9950000000000000e+02 0.
    3.0347149219534754e+03 4.9950000000000000e+02 0. 0. 1.</data></Camera_Matrix>
<Distortion_Coefficients type_id="opencv-matrix">
  <rows>5</rows>
  <cols>1</cols>
  <dt>d</dt>
  <data>
    -9.6640973642197925e-01 1.7749188795995053e+01
    1.3079964958479721e-03 1.1752543104497897e-03
    -5.5524382013655675e+01</data></Distortion_Coefficients>
<Avg_Reprojection_Error>1.4664900708011436e-01</Avg_Reprojection_Error>
<Per_View_Reprojection_Errors type_id="opencv-matrix">
  <rows>30</rows>
  <cols>1</cols>
  <dt>f</dt>
  <data>
    1.29705623e-01 1.37799501e-01 1.78870037e-01 1.69232160e-01
    1.43314973e-01 9.53086019e-02 8.34021941e-02 1.22920811e-01
    1.41671956e-01 1.29259288e-01 2.41044849e-01 1.32453814e-01
    1.01588719e-01 9.02797431e-02 1.32022753e-01 1.58317089e-01
    1.73318684e-01 1.38641238e-01 1.24917507e-01 1.24055885e-01
    1.62366822e-01 1.71598360e-01 1.58678636e-01 1.48159012e-01
    1.44869193e-01 1.63120136e-01 1.75895557e-01 1.54521823e-01
    1.46756500e-01 1.28490478e-01</data></Per_View_Reprojection_Errors>
<Extrinsic_Parameters type_id="opencv-matrix">
  <rows>30</rows>
  <cols>6</cols>
  <dt>d</dt>
  <data>
    2.8091982054658557e-02 2.6944411141010581e-03 1.5573415517287850e+00
    4.6098423016084780e+01 -9.1206585895816758e+01
    9.8747692602452230e+02 3.3190525964721671e-03 2.9997488919842826e-02
    -1.5687130070541526e+00 7.1796070465985210e+01
    -3.0709071652144608e+01 9.8754015777011739e+02
    -3.7398497091286190e-02 6.4965426112074065e-02
    -1.5492168710036411e+00 1.1845513126124528e+02
    -2.9748019712798811e+01 9.8620745166019401e+02
    4.8107299101479560e-02 6.5064479315831494e-02 1.5586351849822657e+00
    1.5420578008457790e+02 -2.5396545228787673e+01
    9.8376947257394863e+02 2.2237493733691185e-02 2.4362085782803848e-02
    1.5639470852478106e+00 1.0534845410681160e+02
    -3.1575933534725195e+01 9.8658563947566449e+02
    2.0701128884138137e-04 2.0130914076576429e-02 1.5575910961536954e+00
    4.5119732891892959e+01 -3.0174084162969084e+01
    9.8891461874631023e+02 8.7067558235527087e-03
    -1.4537367125386732e-03 1.5622404896961359e+00
    -1.3983918354428116e+01 -3.3206862135791297e+01
    9.8990784268138043e+02 2.2149323645760950e-02 7.7028763808980692e-03
    -1.5756153267704371e+00 -1.1073531790111950e+02
    2.5257726001510211e+01 9.9109871489134866e+02 1.1904214152383269e-02
    3.9648869886830650e-03 -1.5527951830245510e+00
    -1.3606244235318033e+02 2.4061065364824898e+01
    9.9156278046192392e+02 1.2542616708174536e-02
    -4.7601757814917231e-03 -1.5730371870049047e+00
    -1.3529697635407166e+02 8.5853929300020525e+01
    9.9137971433125119e+02 3.0560097968088901e-01
    -3.4984190886285446e-02 1.5426414368647257e+00
    1.5505108079261106e+02 -1.4964711403394546e+02
    9.7245232547568583e+02 1.6161002229431013e-02
    -6.2816574422977153e-04 -1.5737761655824287e+00
    -1.1056578120990946e+02 8.7998242099350222e+01
    9.9063238501625165e+02 -5.6291368084755771e-03
    2.0189271502916756e-03 -1.5734415529711254e+00
    -4.8795243842096681e+01 9.0248948807357976e+01
    9.9010908577754503e+02 -8.7700255262688070e-03
    3.1162287581262059e-03 -1.5662496186000199e+00
    5.2822224650561314e+00 8.8160821452429289e+01 9.8876789086656106e+02
    1.7051949240870938e-02 3.2424254775757562e-02 1.5562536756202705e+00
    1.0408853623022094e+02 2.5978982690902807e+01 9.8628523526711820e+02
    -5.2926024533598723e-02 5.6921080275172599e-02
    -1.5430995444454434e+00 1.1560215081726675e+02
    8.2312443642907425e+01 9.8508634443563108e+02
    -8.0430311727997708e-02 5.0976616627294032e-02
    -1.5748986004718857e+00 1.1049031913060584e+02
    1.2114327294546413e+02 9.8463839077787611e+02 1.9024260176673760e-02
    3.8645805063523525e-02 1.5458376361771298e+00 8.7853838749334898e+01
    7.0692952122374876e+01 9.8606683082101699e+02 2.5382046003268911e-05
    2.8041864051093084e-02 1.5441685446105746e+00 3.3315325945363405e+01
    6.8540559383360062e+01 9.8890118240483810e+02
    -7.5831292602552341e-03 6.7377202820099085e-03
    -1.5749319282501950e+00 -5.6535525202610287e+01
    1.2597186305134159e+02 9.8916622149387729e+02
    -3.9356452832757568e-03 -7.9196493506345656e-03
    1.5475357890108630e+00 -7.8138389379335976e+01
    6.8209467970407616e+01 9.9070806909371152e+02 8.1378058409570381e-02
    -3.0531372554217798e-02 1.5575505038502446e+00
    1.0432777477216889e+02 -1.5332263878119716e+02
    9.8133575602170481e+02 9.1516339836611692e-03
    -7.1093181022973241e-03 -1.5657157303559230e+00
    -1.3471679508518605e+02 1.2928395416156280e+02
    9.9081214135226458e+02 3.0511661949822504e-02 1.4203833513888986e-02
    1.5562035014737730e+00 4.7557868629679476e+01
    -1.5496459939826661e+02 9.8648559839831830e+02
    9.3934827506431239e-03 6.6374590017659251e-03 1.5674669576554019e+00
    -1.2486506828557008e+01 -1.5383351160154274e+02
    9.8922205132914155e+02 1.9066036444375396e-03 3.0253903587230168e-03
    -1.5760391918080596e+00 -1.0807544493207934e+02
    -9.7408702899170052e+01 9.9094555756104126e+02
    1.1134623239727009e-02 2.7264303610214325e-03
    -1.5755694846576997e+00 -1.3527924969900809e+02
    -9.8535722312662500e+01 9.9190703827579694e+02
    2.7413431425124231e-04 -7.8925890431688038e-03
    -1.5599637508061970e+00 -1.3499893372466587e+02
    -3.0903374022533004e+01 9.9102912923156862e+02
    -4.3137365895666415e-03 -5.9366603656109667e-03
    1.5703672538155735e+00 -7.3471733023645584e+01
    -9.3736877504255403e+01 9.9067867958316469e+02
    5.5586345576068867e-03 -6.0747580390440739e-03
    1.5570138291450004e+00 -1.3318266997496572e+01
    -9.3346123346005285e+01 9.8942713811134831e+02</data></Extrinsic_Parameters>
